#
# 08/08/2017
#
# remote control brand:          united
# model no. of remote control:   unknown
# remote control modes:          T=TV|X=TXT|M=media
# control documentation:         
# 
# protocol:                      unknown01
# protocol documentation:        
# 
# devices being controlled by this remote:
#                                united LED22H26
# 
#-------NAME------------------ROW---COL---MODE--------[action]|[[repeat] --- [[dataP]----[dataD]----[***]]|[raw]]
 

  begin codes 
        KEY_POWER2            1     1     T,X                                                      
        KEY_INFO              1     3     T                                                        
        KEY_MUTE              1     4     T,X                                                      
        KEY_1                 2     1     T,X           1     {38,562,68}16|-8|1|-1|1|-1|1|-1|1|-1|1|-1|1|-1|1|-3|1|-1|1|-3|1|-3|1|-3|1|-3|1|-3|1|-3|1|-1|1|-3|1|-3|1|-1|1|-1|1|-1|1|-1|1|-1|1|-1|1|-1|1|-1|1|-3|1|-3|1|-3|1|-3|1|-3|1|-3|1|-3|1|-20 
        KEY_2                 2     2     T,X           1     {38,562,68}16|-8|1|-1|1|-1|1|-1|1|-1|1|-1|1|-1|1|-3|1|-1|1|-3|1|-3|1|-3|1|-3|1|-3|1|-3|1|-1|1|-3|1|-1|1|-3|1|-1|1|-1|1|-1|1|-1|1|-1|1|-1|1|-3|1|-1|1|-3|1|-3|1|-3|1|-3|1|-3|1|-3|1|-20 
        KEY_3                 2     3     T,X           1     {38,562,68}16|-8|1|-1|1|-1|1|-1|1|-1|1|-1|1|-1|1|-3|1|-1|1|-3|1|-3|1|-3|1|-3|1|-3|1|-3|1|-1|1|-3|1|-3|1|-3|1|-1|1|-1|1|-1|1|-1|1|-1|1|-1|1|-1|1|-1|1|-3|1|-3|1|-3|1|-3|1|-3|1|-3|1|-20 
        KEY_4                 3     1     T,X                                                      
        KEY_5                 3     2     T,X           1     {38,562,68}16|-8|1|-1|1|-1|1|-1|1|-1|1|-1|1|-1|1|-3|1|-1|1|-3|1|-3|1|-3|1|-3|1|-3|1|-3|1|-1|1|-3|1|-3|1|-1|1|-3|1|-1|1|-1|1|-1|1|-1|1|-1|1|-1|1|-3|1|-1|1|-3|1|-3|1|-3|1|-3|1|-3|1|-20 
        KEY_6                 3     3     T,X           1     {38,562,68}16|-8|1|-1|1|-1|1|-1|1|-1|1|-1|1|-1|1|-3|1|-1|1|-3|1|-3|1|-3|1|-3|1|-3|1|-3|1|-1|1|-3|1|-1|1|-3|1|-3|1|-1|1|-1|1|-1|1|-1|1|-1|1|-3|1|-1|1|-1|1|-3|1|-3|1|-3|1|-3|1|-3|1|-20 
        KEY_7                 4     1     T,X                                                      
        KEY_8                 4     2     T,X                                                      
        KEY_9                 4     3     T,X                                                      
        KEY_VIDEO             5     1     T             1     {38,562,68}16|-8|1|-1|1|-1|1|-1|1|-1|1|-1|1|-1|1|-3|1|-1|1|-3|1|-3|1|-3|1|-3|1|-3|1|-3|1|-1|1|-3|1|-1|1|-1|1|-3|1|-1|1|-3|1|-1|1|-1|1|-1|1|-3|1|-3|1|-1|1|-3|1|-1|1|-3|1|-3|1|-3|1|-20 
        KEY_0                 5     2     T,X                                                      
        KEY_MODE              5     3     T             1     {38,562,68}16|-8|1|-1|1|-1|1|-1|1|-1|1|-1|1|-1|1|-3|1|-1|1|-3|1|-3|1|-3|1|-3|1|-3|1|-3|1|-1|1|-3|1|-1|1|-3|1|-1|1|-1|1|-3|1|-1|1|-3|1|-1|1|-3|1|-1|1|-3|1|-3|1|-1|1|-3|1|-1|1|-3|1|-20 
        KEY_UP                6     2     T             1     {38,562,68}16|-8|1|-1|1|-1|1|-1|1|-1|1|-1|1|-1|1|-3|1|-1|1|-3|1|-3|1|-3|1|-3|1|-3|1|-3|1|-1|1|-3|1|-3|1|-1|1|-1|1|-3|1|-3|1|-1|1|-1|1|-1|1|-1|1|-3|1|-3|1|-1|1|-1|1|-3|1|-3|1|-3|1|-20 
    end codes 
